    13     0     0.671    43
    13     1     0.735    49
    13     2     0.884    34
    13     3     0.820    40
    13     4     0.643    36
    13     5     0.581    37
    13     6     0.762    39
    13     7     0.651    42
    13     8     0.804    35
    13     9     0.619    45
    13    10     0.820    28
    13    11     0.732    42
    13    12     0.534    48
    13    13     0.659    38
    13    14     0.656    50
    13    15     0.679    36
    13    16     0.609    46
    13    17     0.661    35
    13    18     0.762    38
    13    19     0.749    44
    13    20     0.738    42
    13    21     0.753    34
    13    22     0.693    33
    13    23     0.708    39
    13    24     0.465    37
    13    25     0.564    39
    13    26     0.566    32
    13    27     0.934    31
    13    28     0.796    39
    13    29     0.828    41
    13    30     0.679    46
    13    31     0.745    37
    13    32     0.601    40
    13    33     0.643    31
    13    34     0.663    34
    13    35     0.661    37
    13    36     0.602    37
    13    37     0.710    44
    13    38     0.659    37
    13    39     0.690    35
    13    40     0.725    35
    13    41     0.813    21
    13    42     0.733    33
    13    43     0.782    39
    13    44     0.788    38
    13    45     0.693    38
    13    46     0.538    30
    13    47     0.715    45
    13    48     0.760    40
    13    49     0.781    33
    13    50     0.696    34
    13    51     0.840    38
    13    52     0.595    36
    13    53     0.739    41
    13    54     0.640    46
    13    55     0.764    42
    13   120     0.842    44
    13   121     0.702    43
    13   122     0.559    42
    13   123     0.862    40
    13   124     0.676    46
    13   125     0.647    38
    13   126     0.661    38
    13   127     0.842    42
