    11     0     0.619    65
    11     1     0.658    42
    11     2     0.673    46
    11     3     0.494    46
    11     4     0.668    39
    11     5     0.725    43
    11     6     0.639    42
    11     7     0.716    43
    11     8     0.687    55
    11     9     0.782    38
    11    10     0.846    45
    11    11     0.560    37
    11    12     0.564    58
    11    13     0.827    42
    11    14     0.698    57
    11    15     0.558    44
    11    16     0.650    55
    11    17     0.654    41
    11    18     0.915    46
    11    19     0.710    48
    11    20     0.744    45
    11    21     0.715    45
    11    22     0.733    40
    11    23     0.695    45
    11    24     0.652    44
    11    25     0.870    34
    11    26     0.743    45
    11    27     0.641    46
    11    28     0.675    40
    11    29     0.479    42
    11    30     0.729    34
    11    31     0.773    45
    11    32     0.602    44
    11    33     0.551    43
    11    34     0.557    43
    11    35     0.691    42
    11    36     0.555    46
    11    37     0.619    40
    11    38     0.693    36
    11    39     0.606    39
    11    40     0.637    42
    11    41     0.686    48
    11    42     0.634    39
    11    43     0.773    49
    11    44     0.724    38
    11    45     0.739    47
    11    46     0.529    38
    11    47     0.629    47
    11    48     0.651    46
    11    49     0.841    42
    11    50     0.503    34
    11    51     0.729    48
    11    52     0.537    47
    11    53     0.617    32
    11    54     0.444    53
    11    55     0.787    48
    11   120     0.606    41
    11   121     0.569    44
    11   122     0.472    47
    11   123     0.671    38
    11   124     0.571    40
    11   125     0.519    45
    11   126     0.577    45
    11   127     0.547    51
