     3     0     0.290    47
     3     1     0.482    53
     3     2     0.568    44
     3     3     0.632    44
     3     4     0.546    40
     3     5     0.314    31
     3     6     0.578    33
     3     7     0.744    45
     3     8     0.493    34
     3     9     0.609    45
     3    10     0.465    41
     3    11     0.491    49
     3    12     0.363    60
     3    13     0.374    44
     3    14     0.502    49
     3    15     0.521    44
     3    16     0.779    47
     3    17     0.482    52
     3    18     0.263    45
     3    19     0.627    44
     3    20     0.396    48
     3    21     0.445    42
     3    22     0.357    49
     3    23     0.464    49
     3    24     0.654    41
     3    25     0.752    45
     3    26     0.521    36
     3    27     0.627    44
     3    28     0.465    44
     3    29     0.561    40
     3    30     0.576    36
     3    31     0.635    44
     3    32     0.735    44
     3    33     0.604    43
     3    34     0.681    39
     3    35     0.391    60
     3    36     0.577    50
     3    37     0.617    44
     3    38     0.469    48
     3    39     0.351    37
     3    40     0.275    52
     3    41     0.568    40
     3    42     0.405    44
     3    43     0.553    46
     3    44     0.413    43
     3    45     0.564    48
     3    46     0.563    45
     3    47     0.571    48
     3    48     0.370    51
     3    49     0.128    47
     3    50     0.400    52
     3    51     0.743    42
     3    52     0.450    45
     3    53     0.294    41
     3    54     0.444    41
     3    55     0.481    41
     3   120     0.558    39
     3   121     0.681    41
     3   122     0.535    34
     3   123     0.570    41
     3   124     0.469    46
     3   125     0.679    42
     3   126     0.709    41
     3   127     0.529    39
