    78     0     0.454    58
    78     1     0.404    44
    78     2     0.536    49
    78     3     0.187    55
    78     4     0.461    51
    78     5     0.247    53
    78     6     0.420    44
    78     7     0.486    55
    78     8     0.359    45
    78     9     0.072    68
    78    10     0.646    41
    78    11     0.350    47
    78    12     0.483    43
    78    13     0.429    39
    78    14     0.408    51
    78    15     0.693    47
    78    16     0.658    56
    78    17     0.302    56
    78    18     0.550    38
    78    19     0.208    59
    78    20     0.412    50
    78    21     0.230    42
    78    22     0.300    44
    78    23     0.383    38
    78    24     0.910    41
    78    25     0.663    36
    78    26     0.699    41
    78    27     0.759    50
    78    28     1.031    38
    78    29     0.670    55
    78    30     0.429    56
    78    31     0.478    53
    78    32     0.738    48
    78    33     0.866    48
    78    34     0.651    39
    78    35     0.675    49
    78    36     0.925    47
    78    37     0.826    38
    78    38     0.719    42
    78    39     0.668    44
    78    40     0.700    42
    78    41     0.771    36
    78    42     0.589    32
    78    43     0.571    42
    78    44     0.776    54
    78    45     0.604    42
    78    46     0.525    51
    78    47     0.548    46
    78    48     0.723    44
    78    49     0.468    46
    78    50     0.487    45
    78    51     0.560    53
    78    52     0.395    57
    78    53     0.627    40
    78    54     0.748    41
    78    55     0.680    53
    78   120     0.385    53
    78   121     0.355    54
    78   122     0.444    52
    78   123     0.338    38
    78   124     0.517    47
    78   125     0.364    47
    78   126     0.605    51
    78   127     0.452    50
