    10     0     0.740    40
    10     1     0.833    44
    10     2     0.935    35
    10     3     0.730    46
    10     4     0.847    45
    10     5     0.944    38
    10     6     0.589    41
    10     7     0.792    42
    10     8     0.370    42
    10     9     0.518    39
    10    10     0.823    48
    10    11     0.913    31
    10    12     0.753    55
    10    13     0.563    41
    10    14     0.734    45
    10    15     0.773    47
    10    16     0.426    46
    10    17     0.487    44
    10    18     0.634    42
    10    19     0.789    45
    10    20     0.472    46
    10    21     0.665    40
    10    22     0.512    42
    10    23     0.796    41
    10    24     0.198    41
    10    25     0.252    45
    10    26     0.367    43
    10    27     0.524    46
    10    28     0.486    51
    10    29     0.478    40
    10    30     0.568    40
    10    31     0.544    39
    10    32     0.317    56
    10    33     0.219    45
    10    34     0.204    44
    10    35     0.286    41
    10    36     0.214    43
    10    37     0.311    38
    10    38     0.235    41
    10    39     0.465    43
    10    40     0.397    44
    10    41     0.630    41
    10    42     0.282    34
    10    43     0.162    59
    10    44     0.599    48
    10    45     0.575    42
    10    46     0.428    40
    10    47     0.326    46
    10    48     0.490    56
    10    49     0.471    44
    10    50     0.554    31
    10    51     0.749    51
    10    52     0.247    51
    10    53     0.301    57
    10    54     0.646    44
    10    55     0.352    43
    10   120     0.622    45
    10   121     0.989    34
    10   122     0.939    35
    10   123     0.577    44
    10   124     0.531    46
    10   125     0.839    36
    10   126     0.889    46
    10   127     0.735    51
