     2     0     0.751    40
     2     1     0.704    43
     2     2     0.843    36
     2     3     0.905    43
     2     4     0.708    42
     2     5     0.834    30
     2     6     0.801    34
     2     7     0.689    49
     2     8     0.598    38
     2     9     0.606    46
     2    10     0.423    40
     2    11     0.687    45
     2    12     0.732    51
     2    13     0.603    38
     2    14     0.788    30
     2    15     0.765    47
     2    16     0.604    44
     2    17     0.506    46
     2    18     0.666    52
     2    19     0.778    50
     2    20     0.601    35
     2    21     0.425    46
     2    22     0.699    36
     2    23     0.841    43
     2    24     0.583    44
     2    25     0.297    34
     2    26     0.496    50
     2    27     0.644    44
     2    28     0.266    48
     2    29     0.422    44
     2    30     0.667    47
     2    31     0.627    39
     2    32     0.329    48
     2    33     0.369    62
     2    34     0.596    44
     2    35     0.695    42
     2    36     0.296    36
     2    37     0.425    51
     2    38     0.548    43
     2    39     0.625    44
     2    40     0.707    31
     2    41     0.749    38
     2    42     0.898    42
     2    43     0.670    44
     2    44     0.760    56
     2    45     0.810    47
     2    46     0.694    44
     2    47     0.557    52
     2    48     0.776    43
     2    49     0.887    41
     2    50     0.736    35
     2    51     0.860    46
     2    52     0.606    44
     2    53     0.939    48
     2    54     0.874    37
     2    55     0.877    40
     2   120     0.765    30
     2   121     0.728    34
     2   122     0.928    36
     2   123     0.697    40
     2   124     0.706    44
     2   125     0.876    35
     2   126     0.652    39
     2   127     0.892    48
