     1     0     0.512    49
     1     1     0.361    47
     1     2     0.459    42
     1     3     0.578    50
     1     4     0.485    47
     1     5     0.403    35
     1     6     0.441    46
     1     7     0.407    55
     1     8     0.561    42
     1     9     0.317    49
     1    10     0.259    42
     1    11     0.503    44
     1    12     0.778    46
     1    13     0.434    49
     1    14     0.465    41
     1    15     0.329    52
     1    16     0.510    51
     1    17     0.438    54
     1    18     0.235    49
     1    19     0.493    49
     1    20     0.506    33
     1    21     0.380    39
     1    22     0.455    39
     1    23     0.517    48
     1    24     0.582    41
     1    25     0.459    45
     1    26     0.492    28
     1    27     0.570    46
     1    28     0.444    52
     1    29     0.419    43
     1    30     0.248    51
     1    31     0.605    42
     1    32     0.525    52
     1    33     0.413    46
     1    34     0.509    49
     1    35     0.741    33
     1    36     0.331    45
     1    37     0.553    43
     1    38     0.424    48
     1    39     0.527    48
     1    40     0.589    56
     1    41     0.549    40
     1    42     0.764    39
     1    43     0.523    35
     1    44     0.441    50
     1    45     0.564    41
     1    46     0.748    40
     1    47     0.655    48
     1    48     0.471    46
     1    49     0.518    48
     1    50     0.309    45
     1    51     0.622    48
     1    52     0.555    50
     1    53     0.442    48
     1    54     0.647    41
     1    55     0.638    44
     1   120     0.478    47
     1   121     0.601    35
     1   122     0.583    38
     1   123     0.613    38
     1   124     0.177    78
     1   125     0.211    43
     1   126     0.480    38
     1   127     0.511    50
