    81     0    -0.125    60
    81     1     0.205    47
    81     2     0.364    42
    81     3     0.547    48
    81     4     0.113    43
    81     5     0.283    43
    81     6     0.444    48
    81     7     0.731    36
    81     8     0.650    42
    81     9     0.675    32
    81    10     0.614    32
    81    11     0.562    51
    81    12     0.426    45
    81    13     0.389    44
    81    14     0.258    56
    81    15     0.113    66
    81    16     0.743    48
    81    17     0.562    47
    81    18    -0.091    62
    81    19     0.452    42
    81    20     0.872    40
    81    21     0.682    49
    81    22     0.357    46
    81    23     0.154    60
    81    24     0.562    54
    81    25     0.397    51
    81    26     0.607    41
    81    27     0.500    45
    81    28     0.608    42
    81    29     0.461    46
    81    30     0.594    37
    81    31     0.481    43
    81    32     0.642    43
    81    33     0.625    43
    81    34     0.723    45
    81    35     0.412    51
    81    36     0.355    44
    81    37     0.486    38
    81    38     0.436    52
    81    39     0.720    35
    81    40     0.912    45
    81    41     0.875    37
    81    42     0.640    37
    81    43     0.863    38
    81    44     0.801    37
    81    45     0.884    41
    81    46     0.634    41
    81    47     0.598    63
    81    48     0.785    43
    81    49     0.920    42
    81    50     0.744    41
    81    51     0.634    46
    81    52     0.805    42
    81    53     0.814    37
    81    54     0.709    39
    81    55     0.705    44
    81   120    -0.030    57
    81   121     0.335    41
    81   122     0.521    32
    81   123     0.705    36
    81   124     0.179    42
    81   125     0.253    44
    81   126     0.045    53
    81   127     0.260    64
