    47     0     0.562    40
    47     1     0.493    41
    47     2     0.659    44
    47     3     0.415    39
    47     4     0.532    49
    47     5     0.582    40
    47     6     0.475    33
    47     7     0.524    44
    47     8     0.766    46
    47     9     0.473    35
    47    10     0.597    38
    47    11     0.525    40
    47    12     0.346    39
    47    13     0.378    45
    47    14     0.562    35
    47    15     0.520    44
    47    16     0.636    38
    47    17     0.487    36
    47    18     0.572    40
    47    19     0.454    51
    47    20     0.601    40
    47    21     0.532    37
    47    22     0.585    34
    47    23     0.484    33
    47    24     0.541    28
    47    25     0.522    31
    47    26     0.475    31
    47    27     0.502    41
    47    28     0.630    35
    47    29     0.503    44
    47    30     0.557    45
    47    31     0.410    36
    47    32     0.608    39
    47    33     0.441    43
    47    34     0.330    44
    47    35     0.650    43
    47    36     0.690    43
    47    37     0.464    38
    47    38     0.580    37
    47    39     0.493    40
    47    40     0.566    41
    47    41     0.368    51
    47    42     0.587    42
    47    43     0.561    39
    47    44     0.443    45
    47    45     0.583    38
    47    46     0.434    45
    47    47     0.683    46
    47    48     0.501    31
    47    49     0.619    37
    47    50     0.583    44
    47    51     0.292    40
    47    52     0.790    46
    47    53     0.674    36
    47    54     0.537    32
    47    55     0.555    42
    47   120     0.603    37
    47   121     0.523    45
    47   122     0.640    32
    47   123     0.656    39
    47   124     0.498    52
    47   125     0.610    31
    47   126     0.504    43
    47   127     0.492    53
