     5     0     0.463    51
     5     1     0.540    52
     5     2     0.850    42
     5     3     0.883    43
     5     4     0.596    37
     5     5     0.558    36
     5     6     0.533    38
     5     7     0.787    38
     5     8     0.727    46
     5     9     0.404    50
     5    10     0.528    29
     5    11     0.375    51
     5    12     0.820    48
     5    13     0.541    45
     5    14     0.519    44
     5    15     0.329    63
     5    16     0.762    45
     5    17     0.537    54
     5    18     0.704    41
     5    19     0.766    44
     5    20     0.633    39
     5    21     0.616    42
     5    22     0.629    38
     5    23     0.653    55
     5    24     0.737    34
     5    25     0.791    43
     5    26     0.572    40
     5    27     0.773    40
     5    28     0.845    49
     5    29     0.821    40
     5    30     0.890    44
     5    31     0.913    35
     5    32     0.239    53
     5    33     0.403    46
     5    34     0.591    44
     5    35     0.680    40
     5    36     0.585    55
     5    37     0.646    48
     5    38     0.769    30
     5    39     0.467    40
     5    40     0.836    39
     5    41     0.742    43
     5    42     0.793    44
     5    43     0.836    40
     5    44     0.941    50
     5    45     0.716    44
     5    46     0.654    41
     5    47     0.816    49
     5    48     0.739    46
     5    49     0.829    42
     5    50     0.856    33
     5    51     0.810    37
     5    52     0.997    47
     5    53     0.835    30
     5    54     0.889    38
     5    55     0.790    50
     5   120    -0.007    61
     5   121     0.570    34
     5   122     0.374    60
     5   123     0.656    37
     5   124     0.411    55
     5   125     0.653    48
     5   126     0.462    53
     5   127     0.676    54
