    19     0     0.458    47
    19     1     0.464    47
    19     2     0.311    42
    19     3     0.564    49
    19     4     0.539    44
    19     5     0.416    39
    19     6     0.373    37
    19     7     0.321    55
    19     8     0.630    39
    19     9     0.816    39
    19    10     0.357    37
    19    11     0.229    53
    19    12     0.753    42
    19    13     0.617    33
    19    14     0.562    44
    19    15     0.540    38
    19    16     0.640    45
    19    17     0.496    41
    19    18     0.435    47
    19    19     0.502    53
    19    20     0.743    40
    19    21     0.662    36
    19    22     0.323    45
    19    23     0.672    35
    19    24     0.387    51
    19    25     0.568    49
    19    26     0.471    41
    19    27     0.324    42
    19    28     0.721    32
    19    29     0.754    39
    19    30     0.684    39
    19    31     0.347    54
    19    32     0.412    49
    19    33     0.476    53
    19    34     0.552    43
    19    35     0.328    66
    19    36     0.407    39
    19    37     0.417    44
    19    38     0.505    40
    19    39     0.536    37
    19    40     0.711    53
    19    41     0.261    35
    19    42     0.533    37
    19    43     0.245    35
    19    44     0.433    43
    19    45     0.536    42
    19    46     0.339    44
    19    47     0.383    49
    19    48     0.618    51
    19    49     0.443    38
    19    50     0.409    47
    19    51     0.402    41
    19    52     0.265    48
    19    53     0.543    40
    19    54     0.322    37
    19    55     0.168    50
    19   120     0.386    42
    19   121     0.520    39
    19   122     0.520    47
    19   123     0.317    40
    19   124     0.695    39
    19   125     0.614    42
    19   126     0.636    49
    19   127     0.662    46
