    12     0     0.742    46
    12     1     0.669    36
    12     2     0.609    44
    12     3     0.828    42
    12     4     0.744    38
    12     5     0.586    40
    12     6     0.786    37
    12     7     0.840    44
    12     8     0.500    42
    12     9     0.854    34
    12    10     0.698    35
    12    11     0.763    38
    12    12     0.602    54
    12    13     0.728    46
    12    14     0.765    31
    12    15     0.771    55
    12    16     0.475    49
    12    17     0.763    47
    12    18     0.793    52
    12    19     0.820    48
    12    20     0.578    53
    12    21     0.629    39
    12    22     0.867    33
    12    23     0.917    37
    12    24     0.713    38
    12    25     0.653    35
    12    26     0.671    41
    12    27     0.614    42
    12    28     0.536    50
    12    29     0.705    49
    12    30     0.745    33
    12    31     0.557    52
    12    32     0.706    53
    12    33     0.806    39
    12    34     0.610    51
    12    35     0.593    43
    12    36     0.625    36
    12    37     0.795    47
    12    38     0.701    38
    12    39     0.752    38
    12    40     0.801    39
    12    41     0.860    40
    12    42     0.713    38
    12    43     0.676    40
    12    44     0.808    43
    12    45     0.746    40
    12    46     0.803    44
    12    47     0.769    43
    12    48     0.762    44
    12    49     0.636    43
    12    50     0.676    45
    12    51     0.751    42
    12    52     0.726    46
    12    53     0.817    35
    12    54     0.641    54
    12    55     0.715    40
    12   120     0.635    41
    12   121     0.910    43
    12   122     0.725    42
    12   123     0.853    38
    12   124     0.755    42
    12   125     0.718    37
    12   126     0.794    47
    12   127     0.692    46
