    82     0     0.209    45
    82     1     0.377    49
    82     2     0.323    43
    82     3     0.259    54
    82     4     0.409    39
    82     5     0.444    50
    82     6     0.274    32
    82     7     0.136    44
    82     8     0.343    51
    82     9     0.211    39
    82    10     0.173    36
    82    11     0.334    39
    82    12    -0.077    69
    82    13     0.031    38
    82    14     0.485    38
    82    15     0.211    49
    82    16     0.031    62
    82    17     0.067    47
    82    18     0.234    54
    82    19     0.378    46
    82    20     0.329    48
    82    21     0.171    40
    82    22     0.312    38
    82    23     0.565    50
    82    24     0.152    38
    82    25    -0.106    39
    82    26     0.173    35
    82    27     0.164    40
    82    28    -0.140    59
    82    29    -0.133    44
    82    30     0.110    51
    82    31     0.271    49
    82    32     0.309    58
    82    33     0.342    50
    82    34     0.298    48
    82    35     0.269    53
    82    36     0.413    52
    82    37    -0.166    54
    82    38    -0.057    64
    82    39     0.047    53
    82    40    -0.003    35
    82    41     0.173    37
    82    42     0.284    44
    82    43     0.059    35
    82    44    -0.197    59
    82    45    -0.201    27
    82    46     0.227    40
    82    47     0.069    45
    82    48     0.099    43
    82    49     0.110    28
    82    50     0.477    35
    82    51     0.424    49
    82    52    -0.022    51
    82    53     0.000    48
    82    54     0.068    34
    82    55     0.095    52
    82   120     0.543    32
    82   121    -0.018    55
    82   122    -0.164    40
    82   123     0.005    63
    82   124     0.473    46
    82   125     0.516    45
    82   126     0.093    47
    82   127     0.258    33
