     6     0     0.621    55
     6     1     0.587    42
     6     2     0.523    49
     6     3     0.777    42
     6     4     0.697    48
     6     5     0.668    38
     6     6     0.730    42
     6     7     0.759    39
     6     8     0.745    45
     6     9     0.741    40
     6    10     0.717    34
     6    11     0.829    49
     6    12     0.959    55
     6    13     0.824    37
     6    14     0.854    40
     6    15     0.790    55
     6    16     0.940    40
     6    17     0.737    38
     6    18     0.901    35
     6    19     0.753    43
     6    20     0.853    42
     6    21     0.896    51
     6    22     0.904    39
     6    23     0.848    51
     6    24     0.760    41
     6    25     0.732    44
     6    26     0.802    41
     6    27     0.774    47
     6    28     0.820    36
     6    29     0.915    42
     6    30     0.878    42
     6    31     0.803    36
     6    32     0.715    45
     6    33     0.739    42
     6    34     0.566    39
     6    35     0.772    41
     6    36     0.402    44
     6    37     0.633    39
     6    38     0.601    43
     6    39     0.554    41
     6    40     0.707    30
     6    41     0.892    44
     6    42     0.695    35
     6    43     0.842    29
     6    44     0.783    46
     6    45     0.840    43
     6    46     0.742    37
     6    47     0.809    46
     6    48     0.722    57
     6    49     0.761    42
     6    50     0.776    42
     6    51     0.817    41
     6    52     0.723    43
     6    53     0.871    41
     6    54     0.732    36
     6    55     0.767    50
     6   120     0.618    50
     6   121     0.742    43
     6   122     0.658    44
     6   123     0.620    46
     6   124     0.695    47
     6   125     0.728    47
     6   126     0.793    46
     6   127     0.784    51
