    79     0     0.596    55
    79     1     0.541    42
    79     2     0.653    47
    79     3     0.491    48
    79     4     0.755    39
    79     5     0.635    49
    79     6     0.519    43
    79     7     0.638    44
    79     8     0.164    56
    79     9     0.320    53
    79    10     0.525    43
    79    11     0.673    41
    79    12     0.241    51
    79    13     0.358    51
    79    14     0.537    40
    79    15     0.817    52
    79    16     0.574    48
    79    17     0.457    47
    79    18     0.516    35
    79    19     0.529    52
    79    20     0.409    35
    79    21     0.384    38
    79    22     0.668    44
    79    23     0.596    43
    79    24     0.540    50
    79    25     0.497    52
    79    26     0.226    52
    79    27     0.333    45
    79    28     0.494    46
    79    29     0.413    55
    79    30     0.192    55
    79    31     0.485    43
    79    32     0.515    44
    79    33     0.344    52
    79    34     0.441    53
    79    35     0.489    49
    79    36     0.490    58
    79    37     0.576    47
    79    38     0.421    64
    79    39     0.413    35
    79    40     0.514    48
    79    41     0.360    43
    79    42     0.144    51
    79    43     0.255    47
    79    44     0.526    48
    79    45     0.366    45
    79    46     0.568    38
    79    47     0.029    47
    79    48     0.720    56
    79    49     0.542    45
    79    50     0.662    44
    79    51     0.470    45
    79    52     0.596    45
    79    53     0.577    38
    79    54     0.303    30
    79    55     0.537    55
    79   120     0.742    43
    79   121     0.657    44
    79   122     0.636    46
    79   123     0.614    49
    79   124     0.647    52
    79   125     0.747    47
    79   126     0.822    43
    79   127     0.713    50
