    80     0     0.620    47
    80     1     0.656    51
    80     2     0.603    39
    80     3     0.692    41
    80     4     0.645    57
    80     5     0.534    42
    80     6     0.527    44
    80     7     0.526    40
    80     8     0.543    51
    80     9     0.655    43
    80    10     0.670    43
    80    11     0.670    53
    80    12     0.663    41
    80    13     0.688    52
    80    14     0.687    42
    80    15     0.540    58
    80    16     0.654    57
    80    17     0.550    44
    80    18     0.721    48
    80    19     0.647    52
    80    20     0.538    47
    80    21     0.425    50
    80    22     0.582    39
    80    23     0.535    48
    80    24     0.298    52
    80    25     0.709    44
    80    26     0.851    33
    80    27     0.792    34
    80    28     0.565    45
    80    29     0.517    43
    80    30     0.441    63
    80    31     0.777    44
    80    32     0.487    56
    80    33     0.315    60
    80    34     0.526    48
    80    35     0.581    60
    80    36     0.419    41
    80    37     0.605    49
    80    38     0.479    40
    80    39     0.697    48
    80    40     0.312    55
    80    41     0.332    42
    80    42     0.629    42
    80    43     0.644    58
    80    44     0.572    55
    80    45     0.495    42
    80    46     0.446    44
    80    47     0.393    47
    80    48     0.212    58
    80    49     0.751    43
    80    50     0.608    44
    80    51     0.674    46
    80    52     0.529    46
    80    53     0.515    48
    80    54     0.810    36
    80    55     0.749    54
    80   120     0.556    41
    80   121     0.554    41
    80   122     0.579    41
    80   123     0.591    47
    80   124     0.336    51
    80   125    -0.077    63
    80   126     0.387    42
    80   127     0.386    54
