    77     0     0.361    57
    77     1     0.318    41
    77     2     0.518    39
    77     3     0.533    38
    77     4     0.132    44
    77     5     0.339    49
    77     6     0.630    48
    77     7     0.513    44
    77     8     0.554    46
    77     9     0.325    48
    77    10     0.448    51
    77    11     0.257    53
    77    12     0.439    44
    77    13     0.286    48
    77    14     0.198    51
    77    15     0.465    55
    77    16     0.371    51
    77    17     0.428    48
    77    18     0.512    48
    77    19     0.604    44
    77    20     0.196    55
    77    21     0.474    38
    77    22     0.543    35
    77    23     0.585    43
    77    24     0.364    53
    77    25     0.326    38
    77    26     0.328    48
    77    27     0.211    36
    77    28     0.473    51
    77    29     0.327    40
    77    30     0.162    48
    77    31     0.310    47
    77    32     0.560    60
    77    33     0.705    51
    77    34     0.723    45
    77    35     0.530    43
    77    36     0.616    49
    77    37     0.443    48
    77    38     0.385    36
    77    39     0.488    49
    77    40     0.342    36
    77    41     0.483    38
    77    42     0.588    48
    77    43     0.385    54
    77    44     0.746    51
    77    45     0.697    44
    77    46     0.591    51
    77    47     0.713    44
    77    48     0.614    43
    77    49     0.533    45
    77    50     0.392    45
    77    51     0.455    34
    77    52     0.608    46
    77    53     0.393    46
    77    54     0.228    38
    77    55     0.233    53
    77   120     0.209    44
    77   121     0.377    38
    77   122     0.532    35
    77   123     0.544    56
    77   124     0.181    55
    77   125     0.484    50
    77   126     0.730    44
    77   127     0.803    46
