    18     0     0.545    42
    18     1     0.461    51
    18     2     0.292    46
    18     3     0.427    51
    18     4     0.547    43
    18     5     0.637    37
    18     6     0.296    43
    18     7     0.589    42
    18     8     0.652    53
    18     9     0.385    43
    18    10     0.609    43
    18    11     0.426    43
    18    12     0.416    46
    18    13     0.510    53
    18    14     0.324    42
    18    15     0.495    47
    18    16     0.346    53
    18    17     0.487    45
    18    18     0.401    43
    18    19     0.596    47
    18    20     0.433    44
    18    21     0.384    40
    18    22     0.323    45
    18    23     0.302    37
    18    24     0.195    44
    18    25     0.365    38
    18    26     0.326    43
    18    27     0.622    50
    18    28     0.501    38
    18    29     0.318    45
    18    30     0.401    52
    18    31     0.534    41
    18    32     0.283    50
    18    33     0.042    48
    18    34     0.265    55
    18    35     0.393    41
    18    36     0.072    57
    18    37     0.353    34
    18    38     0.429    51
    18    39     0.288    48
    18    40     0.473    50
    18    41     0.540    44
    18    42     0.588    36
    18    43     0.563    44
    18    44     0.457    47
    18    45     0.584    52
    18    46     0.654    40
    18    47     0.545    50
    18    48     0.478    51
    18    49     0.635    37
    18    50     0.558    43
    18    51     0.494    53
    18    52     0.438    44
    18    53     0.648    38
    18    54     0.560    40
    18    55     0.549    41
    18   120     0.543    40
    18   121     0.767    36
    18   122     0.645    40
    18   123     0.365    42
    18   124     0.632    43
    18   125     0.653    42
    18   126     0.745    37
    18   127     0.502    48
