     7     0     0.717    47
     7     1     0.723    51
     7     2     0.543    52
     7     3     0.614    57
     7     4     0.939    40
     7     5     0.750    53
     7     6     0.625    41
     7     7     0.614    42
     7     8     0.598    47
     7     9     0.767    48
     7    10     0.574    50
     7    11     0.821    36
     7    12     0.753    49
     7    13     0.747    50
     7    14     0.697    47
     7    15     0.867    53
     7    16     0.740    40
     7    17     0.669    49
     7    18     0.716    43
     7    19     0.794    53
     7    20     0.661    52
     7    21     0.738    57
     7    22     0.682    41
     7    23     0.694    49
     7    24     0.661    47
     7    25     0.766    36
     7    26     0.685    47
     7    27     0.265    40
     7    28     0.783    53
     7    29     0.669    36
     7    30     0.720    43
     7    31     0.784    44
     7    32     0.849    49
     7    33     0.932    37
     7    34     0.678    36
     7    35     0.605    43
     7    36     0.870    36
     7    37     0.874    36
     7    38     0.759    42
     7    39     0.658    37
     7    40     0.859    40
     7    41     0.623    49
     7    42     0.436    43
     7    43     0.860    46
     7    44     0.663    58
     7    45     0.467    48
     7    46     0.656    57
     7    47     0.490    42
     7    48     0.889    50
     7    49     0.756    42
     7    50     0.645    47
     7    51     0.611    48
     7    52     0.702    40
     7    53     0.806    36
     7    54     0.437    31
     7    55     0.802    43
     7   120     0.686    54
     7   121     0.692    47
     7   122     0.755    34
     7   123     0.829    50
     7   124     0.743    50
     7   125     0.707    40
     7   126     0.849    47
     7   127     0.685    54
