    14     0     0.540    50
    14     1     0.707    45
    14     2     0.547    52
    14     3     0.668    45
    14     4     0.567    45
    14     5     0.539    41
    14     6     0.875    38
    14     7     0.616    45
    14     8     0.345    41
    14     9     0.325    30
    14    10     0.751    32
    14    11     0.607    38
    14    12     0.465    47
    14    13     0.524    40
    14    14     0.528    37
    14    15     0.499    47
    14    16     0.444    49
    14    17     0.579    42
    14    18     0.610    36
    14    19     0.610    46
    14    20     0.385    46
    14    21     0.412    45
    14    22     0.576    39
    14    23     0.563    50
    14    24     0.428    41
    14    25     0.617    34
    14    26     0.524    50
    14    27     0.758    42
    14    28     0.571    43
    14    29     0.403    36
    14    30     0.635    46
    14    31     0.477    44
    14    32     0.666    44
    14    33     0.575    38
    14    34     0.556    47
    14    35     0.724    36
    14    36     0.553    52
    14    37     0.556    36
    14    38     0.651    38
    14    39     0.500    40
    14    40     0.718    39
    14    41     0.733    44
    14    42     0.679    32
    14    43     0.695    35
    14    44     0.820    38
    14    45     0.880    39
    14    46     0.566    51
    14    47     0.712    41
    14    48     0.636    44
    14    49     0.558    44
    14    50     0.697    43
    14    51     0.636    46
    14    52     0.800    47
    14    53     0.673    43
    14    54     0.666    38
    14    55     0.711    43
    14   120     0.690    41
    14   121     0.722    39
    14   122     0.603    33
    14   123     0.592    46
    14   124     0.628    49
    14   125     0.808    35
    14   126     0.738    53
    14   127     0.594    41
