    15     0     0.744    36
    15     1     0.707    48
    15     2     0.626    35
    15     3     0.733    50
    15     4     0.775    43
    15     5     0.673    38
    15     6     0.569    44
    15     7     0.805    43
    15     8     0.637    42
    15     9     0.664    40
    15    10     0.633    33
    15    11     0.508    49
    15    12     0.679    52
    15    13     0.706    38
    15    14     0.694    46
    15    15     0.769    39
    15    16     0.704    53
    15    17     0.565    47
    15    18     0.814    31
    15    19     0.689    39
    15    20     0.650    45
    15    21     0.668    35
    15    22     0.763    39
    15    23     0.760    38
    15    24     0.433    47
    15    25     0.974    38
    15    26     0.773    32
    15    27     0.817    40
    15    28     0.317    44
    15    29     0.440    42
    15    30     0.752    42
    15    31     0.582    36
    15    32     0.575    35
    15    33     0.625    42
    15    34     0.569    38
    15    35     0.628    37
    15    36     0.673    46
    15    37     0.652    33
    15    38     0.739    52
    15    39     0.703    36
    15    40     0.583    35
    15    41     0.657    39
    15    42     0.704    36
    15    43     0.807    41
    15    44     0.586    42
    15    45     0.654    34
    15    46     0.761    44
    15    47     0.701    41
    15    48     0.633    30
    15    49     0.832    42
    15    50     0.577    35
    15    51     0.856    40
    15    52     0.826    35
    15    53     0.776    34
    15    54     0.589    40
    15    55     0.634    43
    15   120     0.638    45
    15   121     0.583    37
    15   122     0.764    47
    15   123     0.681    36
    15   124     0.637    41
    15   125     0.645    34
    15   126     0.654    49
    15   127     0.688    37
