     9     0     0.709    47
     9     1     0.463    49
     9     2     0.673    45
     9     3     0.696    44
     9     4     0.698    42
     9     5     0.573    45
     9     6     0.755    39
     9     7     0.570    39
     9     8     0.594    40
     9     9     0.469    35
     9    10     0.541    41
     9    11     0.305    40
     9    12     0.422    40
     9    13     0.240    61
     9    14     0.424    38
     9    15     0.536    44
     9    16     0.445    50
     9    17     0.531    52
     9    18     0.632    40
     9    19     0.828    47
     9    20     0.505    40
     9    21     0.465    33
     9    22     0.355    43
     9    23     0.702    39
     9    24    -0.024    57
     9    25     0.272    39
     9    26     0.454    42
     9    27     0.322    38
     9    28     0.203    47
     9    29     0.301    41
     9    30     0.664    50
     9    31     0.638    42
     9    32     0.537    45
     9    33     0.580    38
     9    34     0.581    46
     9    35     0.493    39
     9    36     0.348    49
     9    37     0.296    38
     9    38     0.449    39
     9    39     0.385    43
     9    40     0.788    35
     9    41     0.758    34
     9    42     0.847    37
     9    43     0.706    47
     9    44     0.510    47
     9    45     0.686    43
     9    46     0.726    45
     9    47     0.647    44
     9    48     0.722    42
     9    49     0.771    49
     9    50     0.422    43
     9    51     0.709    40
     9    52     0.785    39
     9    53     0.732    35
     9    54     0.706    40
     9    55     0.599    44
     9   120     0.934    38
     9   121     0.786    38
     9   122     0.757    41
     9   123     0.846    43
     9   124     0.738    54
     9   125     0.985    34
     9   126     0.918    33
     9   127     0.815    41
