#--------------------------------------------------------------------------------------------------------------
# February 10, 1997
# zp ck		3			19			51			31
# rwop cks	0-7,120-127		8-23			40-55			24-39 		    
#	fld	obs	airmass		obs	airmass		obs     airmass		obs     airmass
#--------------------------------------------------------------------------------------------------------------
	1	4551	2.01114 	4551    2.01114		4551    2.01114		2418	1.20555
	2	5672	1.56148		5672    1.56148		5672    1.56148		2423	1.19398
	3	5487	1.56502		5487    1.56502		5487    1.56502		2859	1.19980
	5	5670	1.53075		2737	1.21188		2737    1.21188		2737    1.21188
	6	5671	1.52876		5671    1.52876		5671    1.52876		2422	1.22077
	7	5668	1.46121		5668    1.46121		5668    1.46121		2419	1.23035	
	9	5676	1.65006		2956	1.33078		2956    1.33078		2956    1.33078
	10	3539	1.30664		3539    1.30664		3539    1.30664		2154	1.32419
	11	5669	1.45810		5669    1.45810		5669    1.45810		2736	1.23196
	12	5677	1.56864		5677    1.56864		5677    1.56864		2744	1.22429
	13	3541	1.31616		3541    1.31616		3541    1.31616		2865	1.25618
	14	3542	1.30840		2958	1.32465		2958    1.32465		2958    1.32465
	15	3540	1.28622		2959	1.32214		2959    1.32214		2959    1.32214
	18	3543	1.34442		3543    1.34442		3543    1.34442		3157	1.30047
	19	4562	2.49959		4562    2.49959		4562    2.49959		3160	1.30986
	47	3642	1.59908		3642    1.59908		3642    1.59908		3158	1.30679
	77	2962	1.38743		2962    1.38743		2962    1.38743		4203	1.25123
	78	5663	1.40717		5663    1.40717		5663    1.40717		2841	1.22811
	79	5664	1.42822		5664    1.42822		5664    1.42822		2842	1.21267
	80	5666	1.43495		5666    1.43495		5666    1.43495		2416	1.21632
	81	5673	1.51849		5673    1.51849		5673    1.51849		4214	1.32236
	82	5486	1.51842		5486    1.51842		5486    1.51842		4215	1.32834
