  8     0.080    -0.003 
  9     0.040    -0.011 
 10     0.020     0.009 
 11     0.007     0.009 
 12     0.053    -0.010 
 13     0.030    -0.028 
 14     0.001    -0.017 
 15    -0.007     0.021 
 16     0.072    -0.026 
 17     0.031    -0.019 
 18     0.021     0.000 
 19     0.000     0.000 
 20     0.079    -0.007 
 21     0.052     0.000 
 22     0.028     0.011 
 23     0.013     0.009 
  0    -0.003     0.021 
  1     0.013     0.009 
  2     0.009    -0.007 
  3     0.000     0.000 
  4    -0.009     0.028 
  5    -0.007     0.024 
  6    -0.002     0.011 
  7     0.004     0.009 
120    -0.015     0.024 
121    -0.029     0.019 
122    -0.034    -0.001 
123    -0.021     0.001 
124    -0.006     0.036 
125    -0.024     0.027 
126    -0.039     0.007 
127    -0.022     0.019 
 40     0.014     0.044 
 41     0.009     0.011 
 42    -0.023    -0.012 
 43     0.003    -0.027 
 44     0.082     0.055 
 45     0.026     0.012 
 46     0.019    -0.008 
 47     0.015    -0.018 
 48    -0.005     0.034 
 49    -0.017     0.010 
 50    -0.007     0.005 
 51     0.000     0.000 
 52     0.002     0.040 
 53    -0.012     0.010 
 54    -0.018    -0.008 
 55     0.000    -0.011 
 24     0.020     0.034 
 25     0.026     0.036 
 26     0.025     0.019 
 27     0.020     0.006 
 28     0.015     0.027 
 29     0.011     0.027 
 30     0.007     0.018 
 31     0.000     0.000 
 32     0.068     0.033 
 33     0.054     0.029 
 34     0.056     0.029 
 35     0.049     0.009 
 36     0.049     0.033 
 37     0.042     0.036 
 38     0.035     0.023 
 39     0.038    -0.003 
