  8     0.043    -0.049 
  9     0.021    -0.025 
 10     0.021    -0.007 
 11     0.013    -0.002 
 12     0.036    -0.047 
 13     0.026    -0.040 
 14     0.015    -0.014 
 15     0.012     0.015 
 16     0.051    -0.055 
 17     0.023    -0.060 
 18     0.013    -0.020 
 19     0.000     0.000 
 20     0.042    -0.054 
 21     0.032    -0.057 
 22     0.017    -0.018 
 23     0.007    -0.010 
  0    -0.003     0.001 
  1     0.005    -0.017 
  2    -0.005    -0.017 
  3     0.000     0.000 
  4    -0.006     0.025 
  5    -0.002     0.018 
  6    -0.007     0.009 
  7    -0.009     0.010 
120    -0.027     0.040 
121    -0.015     0.042 
122    -0.019     0.006 
123    -0.024     0.015 
124    -0.024     0.040 
125    -0.032     0.038 
126    -0.038     0.034 
127    -0.039     0.025 
 40    -0.019     0.030 
 41    -0.030    -0.002 
 42    -0.032    -0.016 
 43    -0.022    -0.042 
 44     0.022     0.022 
 45    -0.009    -0.009 
 46    -0.019    -0.025 
 47    -0.018    -0.036 
 48    -0.031     0.013 
 49    -0.022     0.035 
 50    -0.014     0.016 
 51     0.000     0.000 
 52    -0.032     0.027 
 53    -0.032     0.022 
 54    -0.029     0.004 
 55    -0.018    -0.027 
 24     0.018    -0.004 
 25     0.030     0.026 
 26     0.030    -0.026 
 27     0.015    -0.044 
 28     0.013     0.015 
 29     0.012     0.007 
 30     0.024    -0.003 
 31     0.000     0.000 
 32     0.052     0.013 
 33     0.043    -0.002 
 34     0.022     0.001 
 35     0.008    -0.023 
 36     0.038     0.017 
 37     0.029     0.008 
 38     0.031     0.004 
 39     0.026    -0.044 
