#-----------------------------------------------------------
# August, 1998
# field, tmpl_obs,  Xt,  ao a1 bo b1 (da0 a1 db0 b1)
#   	3 	0-7,120-127		 
#	19	8-23 
#	51	40-55
#	31	24-39
#-----------------------------------------------------------
1   	4551    2.01114		24.11  -0.2065 23.89  0.1784 ; 79,18
	4551    2.01114		-0.025 -0.2059 -0.005 0.1784 
	4551    2.01114		-0.055 -0.1876 -0.051 0.1868 
	2418    1.20555		 0.15  -0.2065  0.13  0.1784 ; Walker n1835

2   	5672    1.56148		24.04  -0.2065 23.84  0.1784 ; 79,19,(1,18)
	5672    1.56148		-0.023 -0.2059 -0.026 0.1784 
	5672    1.56148		-0.044 -0.1876 -0.057 0.1868 ; HST f2/f79
	2423    1.19398		 0.025 -0.2065 -0.02  0.1784 ; 0.07 0.02

3   	5487    1.56502		24.35  -0.2065 24.05  0.1784 ; 24.332 24.109
	5487    1.56502		-0.013 -0.2059 -0.008 0.1784 
	5487    1.56502		-0.040 -0.1876 -0.042 0.1868 
	2859    1.19980		 0.064  -0.2065 0.061 0.1784 

5   	5670    1.53075		24.203 -0.2065 23.979 0.1784 ; 79
	2737    1.21188		 0.121 -0.1876  0.070 0.1868 
	2737    1.21188		 0.174 -0.2059  0.170 0.1784  
	2737    1.21188		 0.20  -0.2065  0.18  0.1784 

6   	5671    1.52876		24.168 -0.2065 23.959 0.1784 
	5671    1.52876		-0.015 -0.2059 -0.002 0.1784 
	5671    1.52876		-0.043 -0.1876 -0.054 0.1868 
	2422    1.22077		 0.108 -0.2065  0.074 0.1784

7   	5668    1.46121		24.09  -0.2065 23.93  0.1784 ; II
	5668    1.46121		-0.031 -0.2059 -0.020 0.1784 
	5668    1.46121		-0.052 -0.1876 -0.029 0.1868 
	2419    1.23035		 0.119 -0.2065  0.107 0.1784

9   	5676    1.65006 	24.070 -0.2065 23.871 0.1784 ; Suspicious
	2956    1.33078		 0.120 -0.1876  0.053 0.1868 
	2956    1.33078		 0.155 -0.2059  0.128 0.1784 
	2956    1.33078		 0.175 -0.2065  0.111 0.1784

10  	3539    1.30664		24.28  -0.2065 24.03  0.1784 ; 24.341 24.077 
	3539    1.30664		-0.026 -0.2059 -0.015 0.1784 
	3539    1.30664		-0.058 -0.1876 -0.055 0.1868 
	2154    1.32419		-0.138 -0.2065 -0.170 0.1784

11  	5669    1.45810		24.19  -0.2065 23.98  0.1784 ; II = 11,12,15,7,14
	5669    1.45810		-0.03  -0.2059 -0.02  0.1784 ; HST f11
	5669    1.45810		-0.08  -0.1876 -0.06  0.1868 
	2736    1.23196		 0.19  -0.2065  0.20  0.1784

12  	5677    1.56864		24.20  -0.2065 23.99  0.1784 ; II
	5677    1.56864		-0.040 -0.2059 -0.015 0.1784 
	5677    1.56864		-0.052 -0.1876 -0.058 0.1868 
	2744    1.22429		 0.255 -0.2065  0.191 0.1784

13  	3541    1.31616		24.297 -0.2065 24.022 0.1784 ; HST f13
	3541    1.31616		-0.021 -0.2059  0.010 0.1784 
	3541    1.31616		-0.060 -0.1876 -0.043 0.1868 
	2865    1.25618		-0.004 -0.2065  0.008 0.1784

14  	3542    1.30840		24.28  -0.2065 24.05  0.1784 ; 24.32 24.08
	2958    1.32465		-0.04  -0.1876 -0.03  0.1868 ; -0.08  -0.06
	2958    1.32465		 0.00  -0.2059  0.03  0.1784 ; -0.03 -0.02
	2958    1.32465		 0.01  -0.2065  0.00  0.1784 ; 0.01  0.00

15  	3540    1.28622		24.44  -0.2065 24.15  0.1784 ; II
	2959    1.32214		-0.073 -0.1876 -0.044 0.1868 
	2959    1.32214		-0.025 -0.2059  0.011 0.1784 
	2959    1.32214		 0.017 -0.2065  0.022 0.1784

18  	3543    1.34442		24.23  -0.2065 23.99  0.1784 ; 24.260 23.995
	3543    1.34442		-0.017 -0.2059  0.008 0.1784 
	3543    1.34442		-0.035 -0.1876 -0.045 0.1868 
	3157    1.30047		 0.050 -0.2065  0.040 0.1784

19  	4562    2.49959		24.00  -0.2065 23.79  0.1784 ; 24.00 23.80
	4562    2.49959		 0.00  -0.2059  0.02  0.1784 
	4562    2.49959		-0.05  -0.1876 -0.03  0.1868 
	3160    1.30986		 0.28 -0.2065  0.25   0.1784

47  	3642    1.59908		24.168 -0.2065 23.928 0.1784 
	3642    1.59908		-0.031 -0.2059  0.002 0.1784 
	3642    1.59908		-0.059 -0.1876 -0.054 0.1868 
	3158    1.30679		 0.073 -0.2065  0.059 0.1784

77  	2962    1.38743		24.09  -0.2065 23.77  0.1784 
	2962    1.38743		-0.027 -0.2059  0.003 0.1784 
	2962    1.38743		-0.058 -0.1876 -0.049 0.1868 
	4203    1.25123		 0.129 -0.2065  0.123 0.1784 ; (77-6-78)

78  	5663    1.40717 	24.25  -0.2065 23.99  0.1784 ; 24.197  23.989
	5663    1.40717 	-0.02  -0.2059 -0.01  0.1784 
	5663    1.40717 	-0.08  -0.1876 -0.06  0.1868 
	2841    1.22811		-0.08  -0.2065 -0.07  0.1784

79  	5664    1.42822		24.21  -0.2065 23.99  0.1784 ; HST f2/f79
	5664    1.42822		-0.03  -0.2059 -0.02  0.1784 ; -0.019 -0.023
	5664    1.42822		-0.044 -0.1876 -0.049 0.1868 ; 5
	2842    1.21267		 0.021 -0.2065 -0.037 0.1784 ; 5 

80  	5666    1.43495 	24.24  -0.2065 23.96  0.1784 
	5666    1.43495 	-0.036 -0.2059 -0.018 0.1784 
	5666    1.43495 	-0.039 -0.1876 -0.047 0.1868 
	2416    1.21632		 0.13  -0.2065  0.10  0.1784 ;  0.112 0.078

81  	5673    1.51849		24.13  -0.2065 23.93  0.1784 ;  24.100 23.892
	5673    1.51849		-0.009 -0.2059 -0.006 0.1784 
	5673    1.51849		-0.054 -0.1876 -0.057 0.1868 
	4214    1.32236		 0.180 -0.2065  0.14  0.1784

82  	5486    1.51842		23.99  -0.2065  23.70  0.1784 ;  23.868  23.623 
	5486    1.51842		-0.022 -0.2059  0.003 0.1784 
	5486    1.51842		-0.049 -0.1876 -0.058 0.1868 
	4215    1.32834		 0.28  -0.2065  0.23 0.1784 ; 0.256 0.251


