  8     0.065     0.020 
  9     0.039     0.017 
 10     0.021     0.005 
 11     0.010     0.019 
 12     0.051     0.030 
 13     0.041     0.023 
 14     0.030     0.030 
 15     0.007     0.050 
 16     0.080     0.005 
 17     0.044    -0.002 
 18     0.018     0.002 
 19     0.000     0.000 
 20     0.064     0.007 
 21     0.035     0.005 
 22     0.012     0.004 
 23     0.001     0.003 
  0     0.012     0.025 
  1     0.007     0.009 
  2     0.002    -0.002 
  3     0.000     0.000 
  4     0.000     0.022 
  5     0.001     0.015 
  6    -0.002     0.010 
  7    -0.002     0.003 
120    -0.002     0.025 
121    -0.002     0.015 
122    -0.006     0.008 
123    -0.004     0.002 
124     0.001     0.027 
125    -0.006     0.024 
126    -0.003     0.014 
127     0.001     0.013 
 40     0.043     0.014 
 41     0.035     0.005 
 42     0.022    -0.012 
 43     0.027    -0.020 
 44     0.059     0.017 
 45     0.057     0.004 
 46     0.049    -0.006 
 47     0.058    -0.008 
 48     0.013     0.020 
 49     0.003     0.006 
 50    -0.005     0.007 
 51     0.000     0.000 
 52     0.024     0.013 
 53     0.018     0.012 
 54     0.003    -0.002 
 55     0.006    -0.014 
 24     0.031    -0.004 
 25     0.036    -0.016 
 26     0.024     0.003 
 27     0.008    -0.029 
 28     0.046    -0.004 
 29     0.026    -0.023 
 30     0.026    -0.010 
 31     0.000     0.000 
 32     0.058    -0.012 
 33     0.049    -0.020 
 34     0.036    -0.017 
 35     0.019    -0.030 
 36     0.047    -0.009 
 37     0.040    -0.019 
 38     0.029    -0.027 
 39     0.010    -0.046 
