 24     0.007    -0.006 
 25     0.003    -0.009 
 26     0.001    -0.003 
 27    -0.012    -0.023 
 28    -0.001    -0.015 
 29    -0.003    -0.012 
 30     0.001    -0.004 
 31    -0.017    -0.003 
 32     0.030     0.007 
 33     0.018     0.006 
 34     0.005     0.010 
 35     0.000     0.000 
 36     0.023    -0.006 
 37     0.013     0.001 
 38     0.004    -0.005 
 39    -0.006    -0.021 
  8     0.049     0.024 
  9     0.018     0.012 
 10     0.004     0.002 
 11     0.000     0.000 
 12     0.097     0.037 
 13     0.043     0.013 
 14     0.017     0.003 
 15     0.006     0.003 
 16     0.031     0.010 
 17     0.024     0.014 
 18     0.013     0.014 
 19     0.006     0.015 
 20     0.033     0.005 
 21     0.017     0.004 
 22     0.008     0.006 
 23    -0.004     0.005 
  0     0.036     0.014 
  1     0.039     0.002 
  2     0.027    -0.008 
  3     0.021    -0.003 
  4     0.028     0.015 
  5     0.033     0.016 
  6     0.020     0.007 
  7     0.018    -0.004 
120     0.022     0.019 
121     0.006     0.017 
122     0.007     0.010 
123     0.000     0.000 
124     0.013     0.028 
125    -0.003     0.015 
126    -0.006     0.013 
127    -0.018     0.010 
 40    -0.001    -0.011 
 41    -0.006    -0.009 
 42    -0.005     0.002 
 43    -0.001    -0.010 
 44     0.000    -0.013 
 45    -0.002    -0.014 
 46    -0.006    -0.007 
 47     0.000     0.000 
 48    -0.001    -0.013 
 49    -0.014    -0.005 
 50    -0.020    -0.004 
 51    -0.015     0.003 
 52    -0.003    -0.008 
 53    -0.009     0.001 
 54    -0.011    -0.009 
 55    -0.010    -0.003 
