  8     0.072    -0.008 
  9     0.052     0.007 
 10     0.025     0.008 
 11    -0.002     0.000 
 12     0.061    -0.004 
 13     0.049     0.001 
 14     0.018     0.012 
 15     0.005     0.020 
 16     0.100    -0.003 
 17     0.055    -0.005 
 18     0.027    -0.002 
 19     0.000     0.000 
 20     0.083     0.002 
 21     0.057     0.000 
 22     0.024    -0.001 
 23    -0.001    -0.001 
  0     0.007     0.023 
  1     0.007     0.012 
  2     0.023     0.001 
  3     0.000     0.000 
  4     0.003     0.026 
  5     0.019     0.014 
  6    -0.004     0.004 
  7    -0.015    -0.008 
120     0.000     0.026 
121    -0.006     0.021 
122    -0.008     0.004 
123    -0.026    -0.010 
124     0.003     0.036 
125    -0.010     0.018 
126    -0.005     0.021 
127    -0.005     0.021 
 40     0.022     0.019 
 41     0.024     0.015 
 42     0.033     0.014 
 43     0.049     0.012 
 44     0.059     0.011 
 45     0.047     0.038 
 46     0.049     0.032 
 47     0.041     0.005 
 48    -0.022     0.017 
 49    -0.022     0.008 
 50    -0.007     0.015 
 51     0.000     0.000 
 52    -0.024     0.003 
 53    -0.020     0.009 
 54    -0.008     0.007 
 55     0.024    -0.017 
 24     0.055    -0.008 
 25     0.038    -0.005 
 26     0.018     0.001 
 27     0.008    -0.005 
 28     0.066    -0.001 
 29     0.045     0.000 
 30     0.013     0.010 
 31     0.000     0.000 
 32     0.073     0.011 
 33     0.073     0.013 
 34     0.040     0.005 
 35     0.045     0.013 
 36     0.073     0.009 
 37     0.061     0.000 
 38     0.030     0.000 
 39     0.024     0.012 
