  8     0.025    -0.037 
  9     0.025    -0.014 
 10     0.005    -0.031 
 11     0.002    -0.006 
 12     0.001    -0.044 
 13     0.010    -0.021 
 14    -0.001    -0.016 
 15     0.000     0.004 
 16     0.039    -0.049 
 17     0.027    -0.027 
 18     0.012    -0.014 
 19     0.000     0.000 
 20     0.037    -0.037 
 21     0.028    -0.014 
 22     0.011    -0.011 
 23     0.003    -0.004 
  0    -0.002     0.013 
  1     0.009     0.001 
  2     0.001    -0.010 
  3     0.000     0.000 
  4    -0.012     0.012 
  5    -0.003     0.025 
  6     0.003     0.016 
  7     0.000     0.005 
120    -0.019     0.017 
121    -0.016     0.032 
122    -0.017     0.019 
123    -0.015     0.006 
124    -0.016     0.037 
125    -0.035     0.025 
126    -0.024    -0.005 
127    -0.026     0.013 
 40     0.013     0.016 
 41     0.001     0.000 
 42    -0.012    -0.022 
 43    -0.008    -0.042 
 44     0.058     0.035 
 45     0.023     0.003 
 46     0.004    -0.023 
 47     0.005    -0.030 
 48    -0.016     0.027 
 49    -0.016     0.006 
 50     0.000     0.010 
 51     0.000     0.000 
 52    -0.007     0.021 
 53    -0.007     0.008 
 54    -0.014    -0.015 
 55    -0.006    -0.018 
 24     0.067     0.006 
 25     0.050     0.010 
 26     0.025     0.008 
 27     0.014     0.001 
 28     0.072     0.014 
 29     0.039     0.004 
 30     0.017    -0.006 
 31     0.000     0.000 
 32     0.065     0.022 
 33     0.052     0.016 
 34     0.048     0.009 
 35     0.033     0.019 
 36     0.068     0.022 
 37     0.054     0.011 
 38     0.041     0.008 
 39     0.028     0.012 
