  8     0.105     0.004 
  9     0.081    -0.003 
 10     0.024     0.003 
 11    -0.007     0.001 
 12     0.095     0.013 
 13     0.074     0.007 
 14     0.026     0.016 
 15    -0.039     0.010 
 16     0.093    -0.017 
 17     0.084    -0.006 
 18     0.031     0.000 
 19     0.000     0.000 
 20     0.102    -0.007 
 21     0.078     0.001 
 22     0.020     0.000 
 23    -0.003    -0.006 
  0     0.001     0.014 
  1     0.007    -0.011 
  2    -0.006    -0.016 
  3     0.000     0.000 
  4     0.004     0.020 
  5    -0.002     0.014 
  6    -0.008    -0.008 
  7    -0.006    -0.004 
120     0.006     0.020 
121    -0.016     0.010 
122    -0.027     0.001 
123    -0.011     0.000 
124     0.021     0.056 
125    -0.015     0.017 
126    -0.016     0.013 
127    -0.017    -0.002 
 40    -0.011    -0.003 
 41    -0.002     0.019 
 42     0.004     0.019 
 43     0.020    -0.005 
 44     0.066     0.058 
 45     0.026     0.031 
 46     0.014     0.022 
 47     0.026     0.016 
 48    -0.020     0.019 
 49    -0.011     0.014 
 50    -0.004     0.013 
 51     0.000     0.000 
 52    -0.016     0.011 
 53    -0.011     0.011 
 54    -0.007     0.005 
 55     0.005    -0.007 
 24     0.010     0.041 
 25     0.016     0.040 
 26     0.033     0.017 
 27     0.017    -0.023 
 28     0.002     0.028 
 29    -0.003     0.018 
 30     0.013     0.007 
 31     0.000     0.000 
 32     0.066     0.040 
 33     0.050     0.032 
 34     0.035     0.034 
 35     0.026     0.054
 36     0.047     0.038 
 37     0.037     0.042
 38     0.032     0.017 
 39     0.022    -0.037 
