 24    -0.012    -0.016 
 25    -0.015    -0.025 
 26    -0.021    -0.030 
 27    -0.019    -0.040 
 28    -0.013    -0.012 
 29    -0.024    -0.023 
 30    -0.019    -0.015 
 31    -0.026    -0.002 
 32     0.003    -0.014 
 33    -0.004    -0.012 
 34    -0.001    -0.013 
 35     0.000     0.000 
 36     0.003    -0.021 
 37    -0.009    -0.020 
 38    -0.007    -0.016 
 39    -0.006    -0.010 
  8     0.020     0.014 
  9     0.013     0.015 
 10    -0.006     0.003 
 11     0.000     0.000 
 12     0.055     0.053 
 13     0.028     0.033 
 14     0.010     0.018 
 15     0.017     0.022 
 16     0.019     0.002 
 17     0.004     0.000 
 18    -0.014     0.001 
 19    -0.012    -0.013 
 20     0.022     0.009 
 21    -0.001    -0.004 
 22    -0.010    -0.002 
 23    -0.011    -0.005 
  0     0.046     0.039 
  1     0.050     0.023 
  2     0.037     0.011 
  3     0.019     0.001 
  4     0.018     0.030 
  5     0.036     0.036 
  6     0.029     0.023 
  7     0.023     0.009 
120     0.007     0.035 
121     0.035     0.047 
122     0.020     0.031 
123     0.000     0.000 
124     0.034     0.051 
125     0.022     0.044 
126     0.013     0.036 
127    -0.002     0.011 
 40     0.061     0.006 
 41     0.037     0.003 
 42     0.008    -0.008 
 43    -0.010    -0.011 
 44     0.051     0.009 
 45     0.038     0.004 
 46     0.017    -0.002 
 47     0.000     0.000 
 48     0.060     0.008 
 49     0.021    -0.001 
 50    -0.015    -0.005 
 51    -0.036    -0.011 
 52     0.062     0.010 
 53     0.021     0.003 
 54    -0.004    -0.012 
 55    -0.031    -0.018 
