  8     0.052    -0.014 
  9     0.033    -0.019 
 10     0.020    -0.003 
 11    -0.001    -0.005 
 12     0.055    -0.001 
 13     0.044    -0.004 
 14     0.024     0.001 
 15    -0.003     0.002 
 16     0.068    -0.025 
 17     0.034    -0.027 
 18     0.029     0.002 
 19     0.000     0.000 
 20     0.068    -0.004 
 21     0.037    -0.004 
 22     0.023     0.002 
 23    -0.008    -0.001 
  0    -0.003     0.011 
  1    -0.001     0.001 
  2     0.000    -0.006 
  3     0.000     0.000 
  4    -0.007     0.022 
  5    -0.002     0.024 
  6    -0.002     0.005 
  7     0.001     0.001 
120     0.004     0.029 
121    -0.007     0.033 
122     0.007     0.011 
123    -0.025    -0.004 
124     0.040     0.058 
125     0.007     0.042 
126    -0.016     0.021 
127    -0.030     0.006 
 40     0.035     0.030 
 41     0.030     0.016 
 42     0.013     0.002 
 43     0.014    -0.030 
 44     0.059     0.015
 45     0.049     0.010
 46     0.034     0.010 
 47     0.042     0.002 
 48    -0.011     0.025 
 49    -0.008     0.012 
 50     0.007     0.010 
 51     0.000     0.000 
 52    -0.002     0.025 
 53     0.004     0.015 
 54     0.013     0.008 
 55     0.007    -0.011 
 24     0.053     0.019 
 25     0.029     0.003 
 26     0.019     0.000 
 27     0.011    -0.011 
 28     0.042     0.010 
 29     0.023     0.000 
 30     0.009    -0.007 
 31     0.000     0.000 
 32     0.076     0.014 
 33     0.052    -0.003 
 34     0.046     0.007 
 35     0.038    -0.004 
 36     0.069     0.006 
 37     0.038     0.001 
 38     0.033     0.004 
 39     0.024    -0.007 
