  8     0.086     0.005 
  9     0.065    -0.002 
 10     0.047    -0.007 
 11     0.016    -0.006 
 12     0.076     0.008 
 13     0.073     0.006 
 14     0.057     0.000 
 15     0.028    -0.006 
 16     0.088     0.000 
 17     0.051    -0.006 
 18     0.034     0.005 
 19     0.000     0.000 
 20     0.096     0.016 
 21     0.058    -0.002 
 22     0.040     0.004 
 23     0.006    -0.005 
  0     0.035     0.007 
  1     0.021    -0.004 
  2     0.007    -0.012 
  3     0.000     0.000 
  4     0.023     0.013 
  5     0.016     0.011 
  6     0.010     0.012 
  7     0.007     0.022 
120     0.032     0.037 
121     0.019     0.039 
122     0.004     0.030 
123    -0.012     0.020 
124     0.016     0.034 
125     0.004     0.030 
126     0.000     0.030 
127    -0.004     0.030 
 40     0.012     0.027 
 41    -0.019     0.011 
 42    -0.005    -0.005 
 43     0.020     0.000 
 44     0.048     0.050 
 45     0.027     0.031 
 46     0.018     0.023 
 47     0.049     0.018 
 48    -0.010     0.021 
 49    -0.014     0.016 
 50    -0.021    -0.003 
 51     0.000     0.000 
 52    -0.007     0.019 
 53    -0.020     0.007 
 54    -0.017     0.002 
 55     0.005     0.000 
 24     0.001     0.022 
 25     0.007     0.032 
 26     0.018     0.021 
 27     0.010    -0.025 
 28    -0.011     0.022 
 29    -0.006     0.012 
 30     0.004     0.004 
 31     0.000     0.000 
 32     0.041     0.019 
 33     0.027     0.012 
 34     0.020     0.014 
 35     0.009    -0.026 
 36     0.022     0.024 
 37     0.019     0.027 
 38     0.027     0.017 
 39     0.020    -0.034 
