  8     0.068     0.000 
  9     0.057     0.001 
 10     0.030     0.001 
 11     0.020     0.020 
 12     0.049     0.004 
 13     0.032    -0.016 
 14     0.040     0.024 
 15     0.014     0.025 
 16     0.101     0.016 
 17     0.060     0.025 
 18     0.040     0.015 
 19     0.000     0.000 
 20     0.093     0.016 
 21     0.053     0.016 
 22     0.056     0.027 
 23     0.019     0.010 
  0     0.016     0.013 
  1     0.005     0.003 
  2    -0.003    -0.012 
  3     0.000     0.000 
  4     0.028     0.035 
  5    -0.019     0.001 
  6     0.005     0.018 
  7     0.004     0.002 
120     0.018     0.033 
121    -0.007     0.023 
122    -0.004     0.024 
123    -0.033    -0.010 
124     0.043     0.055 
125     0.019     0.043 
126    -0.019     0.017 
127    -0.038     0.003 
 40    -0.011    -0.008 
 41    -0.028    -0.043 
 42    -0.022    -0.028 
 43     0.009    -0.022 
 44     0.056     0.026 
 45     0.024    -0.003 
 46    -0.005    -0.021 
 47     0.019    -0.015 
 48    -0.032     0.000 
 49    -0.021     0.003 
 50    -0.016    -0.005 
 51     0.000     0.000 
 52    -0.037    -0.011 
 53    -0.018    -0.002 
 54    -0.014    -0.011 
 55     0.001    -0.008 
 24     0.021     0.014 
 25     0.011     0.001 
 26     0.014     0.014 
 27     0.012     0.000 
 28     0.005     0.008 
 29     0.000     0.008 
 30     0.012     0.004 
 31     0.000     0.000 
 32     0.073     0.029   
 33     0.050     0.015 
 34     0.039     0.034 
 35     0.045     0.035 
 36     0.040    -0.010  0.019 
 37     0.027     0.010 
 38     0.024     0.007 
 39     0.025    -0.010 
