  8     0.027    -0.039 
  9     0.025    -0.023 
 10     0.005    -0.006 
 11     0.008     0.012 
 12     0.019    -0.042 
 13     0.017    -0.022 
 14     0.002    -0.004 
 15    -0.011     0.029 
 16     0.042    -0.046 
 17     0.020    -0.034 
 18     0.007    -0.017 
 19     0.000     0.000 
 20     0.033    -0.039 
 21     0.020    -0.025 
 22     0.012    -0.006 
 23    -0.001    -0.003 
  0    -0.011     0.016 
  1     0.009     0.004 
  2     0.001    -0.007 
  3     0.000     0.000 
  4    -0.015     0.030 
  5    -0.004     0.028 
  6     0.004     0.021 
  7     0.009     0.016 
120    -0.017     0.038 
121    -0.012     0.037 
122    -0.015     0.023 
123    -0.015     0.014 
124    -0.010     0.064  0.044
125    -0.011     0.045 
126    -0.020     0.030 
127    -0.024     0.024 
 40    -0.010     0.018 
 41    -0.022    -0.001 
 42    -0.022    -0.022 
 43    -0.010    -0.035 
 44     0.037     0.042 
 45     0.005     0.006 
 46    -0.008    -0.010 
 47    -0.006    -0.024 
 48    -0.037     0.022 
 49    -0.029     0.010 
 50    -0.009     0.005 
 51     0.000     0.000 
 52    -0.030     0.012 
 53    -0.028    -0.001 
 54    -0.017    -0.014 
 55    -0.010    -0.024 
 24     0.001     0.024 
 25     0.015     0.011 
 26     0.022     0.000 
 27     0.022    -0.025 
 28    -0.008     0.016 
 29     0.001     0.009 
 30     0.005     0.019 
 31     0.000     0.000 
 32     0.047     0.017 
 33     0.030     0.015 
 34     0.021     0.000 
 35     0.015     0.024 
 36     0.013     0.006 
 37     0.028     0.026 
 38     0.026     0.006 
 39     0.013     0.035 
