  8     0.100     0.011 
  9     0.062     0.004 
 10     0.037     0.008 
 11     0.014     0.015 
 12     0.078     0.023 
 13     0.072     0.020 
 14     0.045     0.018 
 15     0.017     0.020 
 16     0.110     0.001 
 17     0.068    -0.009 
 18     0.029    -0.003 
 19     0.000     0.000 
 20     0.093     0.007 
 21     0.062     0.005 
 22     0.021    -0.006 
 23     0.002     0.000 
  0     0.012     0.029 
  1     0.009     0.010 
  2    -0.006    -0.007 
  3     0.000     0.000 
  4     0.004     0.030 
  5    -0.005     0.023 
  6    -0.007     0.001 
  7    -0.007     0.001 
120    -0.003     0.030 
121    -0.010     0.032 
122    -0.012     0.017 
123    -0.014     0.009 
124     0.007     0.028 
125    -0.004     0.030 
126    -0.009     0.020 
127    -0.008     0.015 
 40     0.038     0.018 
 41     0.030     0.007 
 42     0.027    -0.010 
 43     0.030    -0.012 
 44     0.044     0.030 
 45     0.046     0.014 
 46     0.047     0.004 
 47     0.059     0.003 
 48     0.016     0.017 
 49     0.002     0.018 
 50    -0.007     0.006 
 51     0.000     0.000 
 52     0.021     0.018 
 53     0.017     0.014 
 54     0.003    -0.007 
 55     0.003    -0.006 
 24     0.000     0.006 
 25     0.004     0.024 
 26     0.011    -0.020 
 27     0.007    -0.024 
 28    -0.009     0.003 
 29    -0.006    -0.008 
 30     0.004     0.006 
 31     0.000     0.000 
 32     0.026     0.012 
 33     0.024     0.013 
 34     0.012     0.012 
 35    -0.001    -0.021 
 36    -0.003     0.004 
 37     0.013     0.018 
 38     0.019     0.012 
 39     0.014    -0.036 
