  8     0.042    -0.059 
  9     0.007    -0.028 
 10    -0.007    -0.017 
 11    -0.007    -0.018 
 12     0.046    -0.034 
 13     0.016    -0.030 
 14    -0.014    -0.038 
 15    -0.009    -0.011 
 16     0.049    -0.064 
 17     0.037    -0.051
 18     0.006    -0.043
 19     0.000     0.000 
 20     0.025    -0.043 
 21     0.014    -0.036 
 22     0.004    -0.025 
 23    -0.005    -0.014 
  0    -0.026     0.009 
  1     0.000     0.007 
  2     0.001     0.006 
  3     0.000     0.000 
  4    -0.018     0.030 
  5    -0.015     0.022 
  6    -0.010     0.012 
  7    -0.011     0.005 
120    -0.027     0.020 
121    -0.033     0.011 
122    -0.027     0.011 
123    -0.026     0.002 
124    -0.033     0.018 
125    -0.028     0.018 
126    -0.034     0.011 
127    -0.038     0.015 
 40    -0.007     0.016 
 41    -0.038    -0.002 
 42    -0.010    -0.016 
 43     0.011    -0.019 
 44     0.063     0.041 
 45     0.046     0.014 
 46     0.011    -0.009 
 47     0.010    -0.037 
 48    -0.026     0.021 
 49    -0.017     0.014 
 50    -0.006     0.011 
 51     0.000     0.000 
 52    -0.018     0.017 
 53    -0.027    -0.001 
 54    -0.016    -0.016 
 55     0.002    -0.017 
 24     0.009    -0.012 
 25     0.009    -0.001 
 26     0.010    -0.004 
 27    -0.004    -0.017 
 28     0.009    -0.018 
 29    -0.003    -0.012 
 30     0.010    -0.027 
 31     0.000     0.000 
 32     0.020    -0.008 
 33     0.016    -0.009 
 34     0.020    -0.005 
 35     0.019    -0.008 
 36     0.011    -0.013 
 37     0.021    -0.007 
 38     0.013    -0.019 
 39     0.022    -0.023 
