  8     0.071    -0.023 
  9     0.040    -0.045 
 10     0.016     0.009 
 11    -0.006     0.000 
 12     0.033    -0.025 
 13     0.023    -0.031 
 14    -0.007    -0.023 
 15    -0.016     0.017 
 16     0.083    -0.023 
 17     0.049    -0.021 
 18     0.011    -0.007 
 19     0.000     0.000 
 20     0.083    -0.012 
 21     0.049    -0.002 
 22     0.014    -0.010 
 23    -0.004    -0.001 
  0    -0.012     0.018 
  1    -0.004    -0.013 
  2    -0.002    -0.040 
  3     0.000     0.000 
  4    -0.018     0.025 
  5    -0.005     0.016 
  6    -0.008     0.006 
  7    -0.009     0.002 
120    -0.023     0.026 
121    -0.015     0.029 
122    -0.021     0.008 
123    -0.030    -0.013 
124    -0.027     0.030 
125    -0.025     0.031 
126    -0.023     0.022 
127    -0.030     0.010 
 40    -0.015     0.025 
 41    -0.013     0.011 
 42    -0.008     0.000 
 43    -0.001    -0.014 
 44     0.035     0.025 
 45     0.007     0.022 
 46     0.003     0.014 
 47     0.015     0.008 
 48    -0.022     0.037 
 49    -0.018    -0.004 
 50    -0.016     0.007 
 51     0.000     0.000 
 52    -0.027     0.016 
 53    -0.024     0.004 
 54    -0.017    -0.007 
 55     0.001    -0.009 
 24     0.012    -0.004 
 25     0.010     0.013 
 26     0.014     0.007 
 27     0.009    -0.010 
 28     0.008     0.012 
 29    -0.008    -0.005 
 30     0.008     0.005 
 31     0.000     0.000 
 32     0.026     0.005 
 33     0.024     0.011 
 34     0.026     0.017 
 35     0.033     0.019 
 36     0.014    -0.002 
 37     0.017     0.010 
 38     0.026     0.010 
 39     0.031     0.004 
