 24    -0.002     0.005 
 25    -0.004     0.008 
 26     0.002     0.015 
 27    -0.011    -0.007 
 28     0.000    -0.016 
 29    -0.004    -0.016 
 30    -0.004    -0.003 
 31    -0.019     0.005 
 32     0.028    -0.002 
 33     0.014     0.005 
 34    -0.001     0.006 
 35     0.000     0.000 
 36     0.012    -0.004 
 37     0.009     0.007 
 38    -0.002    -0.009 
 39    -0.006    -0.014 
  8     0.058     0.007 
  9     0.030     0.008 
 10     0.010    -0.004 
 11     0.000     0.000 
 12     0.097     0.028 
 13     0.063     0.020 
 14     0.032     0.002 
 15     0.023     0.003 
 16     0.033    -0.010 
 17     0.024     0.000 
 18     0.009    -0.005 
 19     0.001     0.001 
 20     0.037    -0.030 
 21     0.016    -0.006 
 22    -0.014    -0.019 
 23    -0.003    -0.012 
  0     0.026     0.031 
  1     0.025     0.002 
  2     0.010    -0.004 
  3    -0.008    -0.015 
  4     0.015     0.032 
  5     0.011     0.027 
  6    -0.009    -0.003 
  7     0.006     0.003 
120     0.011     0.031 
121     0.009     0.027 
122     0.002     0.026 
123     0.000     0.000 
124     0.023     0.060
125     0.018     0.043
126     0.004     0.034
127     0.016     0.009 
 40    -0.008    -0.014 
 41    -0.007    -0.004 
 42    -0.002     0.006 
 43    -0.005    -0.002 
 44    -0.013    -0.017 
 45    -0.006    -0.016 
 46    -0.002    -0.006 
 47     0.000     0.000 
 48    -0.012    -0.013 
 49    -0.024    -0.012 
 50    -0.037    -0.007 
 51    -0.032     0.000 
 52    -0.016    -0.009 
 53    -0.013    -0.001 
 54    -0.023     0.000 
 55    -0.020    -0.003 
