  8     0.021    -0.031 
  9     0.015    -0.018 
 10     0.010     0.005 
 11    -0.001     0.013 
 12     0.000    -0.051 
 13     0.003    -0.030 
 14    -0.001    -0.003 
 15    -0.005    -0.002 
 16     0.046    -0.024 
 17     0.030    -0.010 
 18     0.003     0.000 
 19     0.000     0.000 
 20     0.038    -0.020 
 21     0.028    -0.005 
 22     0.011    -0.013 
 23     0.004     0.010 
  0    -0.001     0.020 
  1     0.012     0.004 
  2     0.009    -0.009 
  3     0.000     0.000 
  4    -0.008     0.035 
  5     0.000     0.020 
  6     0.002     0.007 
  7    -0.004    -0.009 
120    -0.017     0.029 
121    -0.014     0.033 
122    -0.017     0.013 
123    -0.024     0.007 
124    -0.019     0.038 
125    -0.022     0.036 
126    -0.030     0.022 
127    -0.028     0.026 
 40     0.002     0.021 
 41    -0.020    -0.010 
 42    -0.015    -0.015 
 43    -0.008    -0.034 
 44     0.057     0.026 ; 0.046
 45     0.026     0.012 
 46     0.009    -0.006 
 47     0.012    -0.021 
 48    -0.026     0.022 
 49    -0.035     0.002 
 50    -0.015     0.000 
 51     0.000     0.000 
 52    -0.023     0.018 
 53    -0.027     0.001 
 54    -0.012    -0.005 
 55    -0.004    -0.014 
 24     0.003    -0.003 
 25     0.004    -0.019 
 26     0.008    -0.004 
 27     0.007    -0.029 
 28    -0.002    -0.007 
 29    -0.001    -0.013 
 30     0.012    -0.007 
 31     0.000     0.000 
 32     0.031    -0.006 
 33     0.015    -0.013 
 34     0.011    -0.018 
 35     0.003    -0.026 
 36     0.018    -0.009 
 37     0.017    -0.001 
 38     0.016    -0.010 
 39     0.012    -0.045 
