#--------------------------------------------------------------------------------------------------------------------------------------------
# February 20, 1997
# zp ck		3				19				51				31
# rwop cks	0-7,120-127			8-23				40-55				24-39 		    
#	fld	ao	a1 	bo	b1	ao      a1      bo      b1	ao      a1      bo      b1	ao      a1      bo      b1
#---------------------------------------------------------------------------------------------------------------------------------------------
	1	23.985	-0.2065	23.81	0.1784	23.98	-0.2059	23.82	0.1784	23.95	-0.1876	23.78	0.1868	24.15	-0.2065	23.95	0.1784
	2	23.950	-0.2065 23.80	0.1784 	23.930  -0.2059 23.785 	0.1784  23.905  -0.1876 23.750 	0.1868 	23.953  -0.2065 23.776	0.1784
	3	24.205	-0.2065 23.996	0.1784	24.185  -0.2059 23.99  	0.1784 	24.14 	-0.1876 23.95 	0.1868 	24.28  	-0.2065 24.05 	0.1784
	5	24.04	-0.2065 23.90  0.1784	24.21	-0.1876 24.02  	0.1868	24.27	-0.2059 24.09   0.1784	24.32	-0.2065 24.12	0.1784
	6	24.07	-0.2065 23.90	0.1784 	24.045	-0.2059 23.91 	0.1784 	24.02 	-0.1876 23.86 	0.1868 	24.20 	-0.2065 24.01	0.1784
	7	24.02	-0.2065 23.87  	0.1784	24.00  	-0.2059 23.87  	0.1784 	23.97  	-0.1876 23.83   0.1868 	24.192  -0.2065 24.013  0.1784
	9	23.996	-0.2065 23.852  0.1784	24.10  	-0.1876 23.88  	0.1868 	24.12   -0.2059 23.94   0.1784 	24.15  	-0.2065 23.96   0.1784
	10	24.190	-0.2065 23.99   0.1784	24.165  -0.2059 23.986  0.1784  24.14 	-0.1876 23.92 	0.1868 	24.061  -0.2065 23.836  0.1784
	11	24.07	-0.2065 23.91   0.1784	24.05   -0.2059 23.90  	0.1784 	24.03   -0.1876 23.87   0.1868 	24.295  -0.2065 24.09  	0.1784
	12	24.03	-0.2065 23.88   0.1784	24.00  	-0.2059 23.87   0.1784 	23.97  	-0.1876 23.83  0.1868 	24.251  -0.2065 24.043  0.1784
	13	24.21	-0.2065 24.01 	0.1784	24.19 	-0.2059 24.01  	0.1784 	24.18 	-0.1876 23.97	0.1868 	24.190  -0.2065 23.998	0.1784
	14	24.22	-0.2065 24.01   0.1784	24.137  -0.1876 23.937  0.1868 	24.176  -0.2059 24.015  0.1784 	24.197  -0.2065 23.999  0.1784
	15	24.28	-0.2065 24.07  	0.1784 	24.120  -0.1876 23.921  0.1868 	24.16  	-0.2059 23.99   0.1784 	24.19  	-0.2065 23.98  	0.1784
	18	24.12	-0.2065 23.95  	0.1784	24.10  	-0.2059 23.94  	0.1784 	24.085 	-0.1876 23.90  	0.1868 	24.22  	-0.2065 23.99  	0.1784
	19	23.88	-0.2065 23.73   0.1784	23.87   -0.2059 23.74  	0.1784 	23.82   -0.1876 23.69  	0.1868 	24.187  -0.2065 23.992  0.1784
	47	24.070	-0.2065 23.896  0.1784	24.050  -0.2059 23.897  0.1784  24.025  -0.1876 23.845  0.1868 	24.155  -0.2065 23.951  0.1784
	77	23.895	-0.2065 23.68  	0.1784 	23.88  	-0.2059 23.68 	0.1784 	23.85  	-0.1876 23.67  	0.1868 	24.08   -0.2065 23.83   0.1784
	78	24.085	-0.2065 23.91 	0.1784	24.07  	-0.2059 23.92	0.1784  24.03 	-0.1876 23.85 	0.1868 	24.075 	-0.2065 23.87	0.1784
	79	24.085	-0.2065 23.93  	0.1784	24.050  -0.2059 23.892  0.1784 	24.025  -0.1876 23.855  0.1868 	24.095 	-0.2065 23.88  	0.1784
	80	24.085	-0.2065 23.91  	0.1784	24.08   -0.2059 23.89   0.1784 	24.03   -0.1876 23.84   0.1868 	24.23  	-0.2065 24.00  	0.1784
	81	23.980	-0.2065 23.849  0.1784	23.960  -0.2059 23.849  0.1784 	23.930  -0.1876 23.796  0.1868 	24.167  -0.2065 23.961  0.1784
	82	23.780	-0.2065 23.578  0.1784	23.760  -0.2059 23.570  0.1784 	23.735  -0.1876 23.525  0.1868 	24.045  -0.2065 23.829  0.1784
