  8     0.030    -0.040 
  9     0.006    -0.025 
 10     0.000    -0.017 
 11    -0.005    -0.008 
 12     0.014    -0.032 
 13     0.007    -0.027 
 14    -0.011    -0.016 
 15    -0.014     0.007 
 16     0.053    -0.032 
 17     0.018    -0.024 
 18     0.017    -0.009 
 19     0.000     0.000 
 20     0.046    -0.034 
 21     0.015    -0.018 
 22     0.004    -0.010 
 23     0.000    -0.015 
  0    -0.007     0.018 
  1    -0.002     0.005 
  2    -0.003    -0.001 
  3     0.000     0.000 
  4    -0.006     0.029 
  5    -0.003     0.027 
  6     0.004     0.021 
  7     0.005     0.012 
120    -0.025     0.021 
121    -0.023     0.024 
122    -0.016     0.019 
123    -0.012     0.011 
124    -0.020     0.029 
125    -0.034     0.025 
126    -0.031     0.021 
127    -0.015     0.027 
 40     0.016     0.027 
 41     0.005     0.005 
 42     0.016     0.002 
 43     0.009    -0.020 
 44     0.072     0.044 
 45     0.031     0.012 
 46     0.005    -0.015 
 47     0.034    -0.008 
 48    -0.019     0.026 
 49    -0.016     0.016 
 50    -0.008     0.009 
 51     0.000     0.000 
 52    -0.004     0.009 
 53    -0.005     0.015 
 54    -0.006    -0.008 
 55    -0.001    -0.008 
 24    -0.016     0.009 
 25    -0.014     0.018 
 26     0.009     0.007 
 27     0.005    -0.021 
 28    -0.037    -0.002 
 29    -0.017     0.009 
 30    -0.003    -0.007 
 31     0.000     0.000 
 32     0.038     0.015 
 33     0.030     0.002 
 34     0.020     0.022 
 35     0.022    -0.013 
 36     0.006     0.017 
 37     0.009     0.027 
 38     0.004    -0.004 
 39     0.010    -0.045 
