  8     0.115     0.055 
  9     0.081     0.022 
 10     0.045     0.016 
 11     0.010     0.029 
 12     0.096     0.063 
 13     0.082     0.052 
 14     0.055     0.037 
 15     0.029     0.043 
 16     0.131     0.031 
 17     0.087     0.012 
 18     0.033     0.003 
 19     0.000     0.000 
 20     0.128     0.046 
 21     0.080     0.019 
 22     0.036     0.004 
 23     0.004     0.001 
  0     0.014     0.037 
  1     0.010     0.027 
  2     0.003     0.001 
  3     0.000     0.000 
  4     0.015     0.022 
  5    -0.001     0.017 
  6     0.000     0.004 
  7     0.004     0.004 
120     0.015     0.040 
121     0.007     0.035 
122     0.008     0.028 
123     0.010     0.020 
124     0.027     0.048 
125     0.018     0.043 
126     0.022     0.031 
127     0.026     0.031 
 40     0.085     0.029 
 41     0.082     0.019 
 42     0.061     0.014 
 43     0.072     0.004 
 44     0.081     0.050 
 45     0.103     0.035 
 46     0.090     0.021 
 47     0.100     0.033 
 48     0.067     0.033 
 49     0.036    -0.011 
 50     0.021     0.011 
 51     0.000     0.000 
 52     0.073     0.027 
 53     0.049     0.015 
 54     0.030     0.006 
 55     0.031     0.000 
 24     0.010     0.015 
 25     0.007     0.017 
 26     0.016     0.006 
 27     0.003    -0.009 
 28     0.004     0.018 
 29    -0.007     0.023 
 30     0.006     0.007 
 31     0.000     0.000 
 32     0.015    -0.005 
 33     0.020     0.006 
 34     0.009     0.000 
 35    -0.002    -0.030 
 36     0.012     0.008 
 37     0.016    -0.001 
 38     0.014    -0.004 
 39     0.007    -0.071 
