  8     0.112     0.004 
  9     0.086    -0.007 
 10     0.062    -0.020 
 11     0.045    -0.002 
 12     0.109     0.011 
 13     0.095    -0.009 
 14     0.073    -0.004 
 15     0.054     0.009 
 16     0.094    -0.001 
 17     0.070     0.004 
 18     0.041     0.005 
 19     0.000     0.000 
 20     0.100    -0.006 
 21     0.056    -0.012 
 22     0.047    -0.004 
 23     0.018    -0.007 
  0     0.064     0.018 
  1     0.050     0.012 
  2     0.032    -0.002 
  3     0.000     0.000 
  4     0.051     0.023 
  5     0.030     0.018 
  6    -0.004    -0.003 
  7    -0.009     0.002 
120     0.034     0.019 
121     0.017     0.020 
122    -0.008     0.017 
123    -0.023     0.012 
124     0.025     0.025 
125     0.013     0.026 
126    -0.014     0.014 
127    -0.038     0.014 
 40    -0.002     0.021 
 41    -0.006     0.040 
 42    -0.021     0.017 
 43     0.005     0.003 
 44     0.032     0.040 
 45     0.010     0.055
 46     0.010     0.033
 47     0.029     0.021 
 48    -0.009     0.022 
 49    -0.017     0.003 
 50    -0.015     0.008 
 51     0.000     0.000 
 52    -0.016     0.030 
 53    -0.026     0.015 
 54    -0.028     0.004 
 55    -0.003    -0.009 
 24    -0.012     0.018 
 25    -0.003     0.014 
 26     0.011     0.009 
 27     0.000    -0.006 
 28    -0.021     0.010 
 29    -0.012     0.008 
 30     0.013    -0.029 
 31     0.000     0.000 
 32     0.026     0.025 
 33     0.010     0.019 
 34    -0.004     0.018 
 35    -0.024    -0.027 
 36     0.005     0.020 
 37     0.004     0.026 
 38     0.002     0.003 
 39    -0.002    -0.033 
