  8     0.071     0.010 
  9     0.055    -0.001 
 10     0.031     0.005 
 11     0.018     0.011 
 12     0.047    -0.001 
 13     0.044     0.004 
 14     0.029     0.014 
 15     0.018     0.030 
 16     0.098    -0.009 
 17     0.058    -0.012 
 18     0.024    -0.002 
 19     0.000     0.000 
 20     0.083    -0.001 
 21     0.054     0.007 
 22     0.022     0.006 
 23     0.007     0.012 
  0     0.002     0.039 
  1     0.001     0.016 
  2     0.002     0.004 
  3     0.000     0.000 
  4    -0.007     0.028 
  5    -0.009     0.015 
  6    -0.014     0.001 
  7    -0.007     0.003 
120    -0.016     0.021 
121    -0.015     0.022 
122    -0.011     0.014 
123    -0.012     0.000 
124    -0.006     0.036 
125    -0.008     0.024 
126    -0.010     0.021 
127    -0.003     0.012 
 40     0.054     0.028 
 41     0.027     0.003 
 42     0.019    -0.008 
 43     0.016    -0.023 
 44     0.101     0.045 
 45     0.060     0.020 
 46     0.052     0.002 
 47     0.056    -0.002 
 48     0.014     0.031 
 49    -0.004     0.011 
 50    -0.001     0.009 
 51     0.000     0.000 
 52     0.024     0.025 
 53     0.004     0.008 
 54     0.000    -0.004 
 55    -0.001    -0.015 
 24     0.048     0.006 
 25     0.018    -0.033 
 26     0.011     0.000 
 27     0.000     0.011 
 28     0.045    -0.002 
 29     0.022    -0.015 
 30     0.004    -0.012 
 31     0.000     0.000 
 32     0.088     0.022 
 33     0.061    -0.008 
 34     0.064    -0.013 
 35     0.051    -0.013 
 36     0.073     0.007 
 37     0.041    -0.020 
 38     0.043    -0.003 
 39     0.029     0.004 
