 24     0.017    -0.015 
 25    -0.008    -0.030 
 26    -0.025    -0.038 
 27    -0.030     0.003 
 28     0.011    -0.027 
 29    -0.010    -0.027 
 30    -0.025    -0.019 
 31    -0.040    -0.012 
 32     0.023    -0.016 
 33     0.000    -0.030 
 34     0.001    -0.027 
 35     0.000     0.000 
 36     0.024    -0.017 
 37     0.016    -0.016 
 38    -0.007    -0.036 
 39    -0.025    -0.008 
  8     0.059    -0.006 
  9    -0.028    -0.008 
 10     0.001     0.005 
 11     0.000     0.000 
 12     0.101     0.010 
 13     0.064     0.009
 14     0.048     0.010
 15     0.035     0.005
 16     0.017    -0.018 
 17    -0.018    -0.048 
 18    -0.046    -0.028 
 19    -0.058    -0.027 
 20     0.039    -0.028 
 21    -0.015    -0.024 
 22    -0.039    -0.028 
 23    -0.047    -0.024 
  0     0.015     0.020 
  1     0.007     0.009 
  2     0.003     0.004 
  3    -0.005    -0.008 
  4     0.007     0.018 
  5     0.004     0.007 
  6    -0.004    -0.009 
  7    -0.004    -0.011 
120     0.005     0.016 
121    -0.005     0.007 
122     0.002     0.006 
123     0.000     0.000 
124     0.023     0.009
125     0.013     0.012 
126     0.008     0.000 
127     0.013     0.007 
 40     0.032     0.046 
 41     0.010     0.045 
 42     0.002     0.035 
 43    -0.003     0.028 
 44     0.031     0.074 
 45     0.020     0.030 
 46     0.010     0.020 
 47     0.000     0.000 
 48     0.042     0.080 
 49    -0.004     0.049 
 50    -0.020     0.032 
 51    -0.026     0.007 
 52     0.034     0.069 
 53     0.005     0.045 
 54    -0.006     0.020 
 55    -0.025     0.022 
